% # columns="iteration, evaluation, min max(neg(.)) min(pos(.)) max correlation, correlation matrix principle axes lengths  (sorted square roots of eigenvalues of correlation matrix)", seed=744826, Fri Dec 11 14:42:58 2020
1 6 0.010765990973075224 0.010765990973075224 0.010765990973075224 0.010765990973075224 0.9946024376739305 1.0053685846360405
2 12 0.010765990973075224 0.010765990973075224 0.010765990973075224 0.010765990973075224 0.9946024376739305 1.0053685846360405
3 18 -0.09218758420633921 -0.09218758420633921 -0.09218758420633921 -0.09218758420633921 0.9527919058187161 1.0450777885910405
4 24 -0.09218758420633921 -0.09218758420633921 -0.09218758420633921 -0.09218758420633921 0.9527919058187161 1.0450777885910405
5 30 0.07814916418442314 0.07814916418442314 0.07814916418442314 0.07814916418442314 0.9601306347656952 1.038339618903383
6 36 0.07814916418442314 0.07814916418442314 0.07814916418442314 0.07814916418442314 0.9601306347656952 1.038339618903383
7 42 0.028345591012376464 0.028345591012376464 0.028345591012376464 0.028345591012376464 0.9857253212673515 1.0140737601438943
8 48 0.028345591012376464 0.028345591012376464 0.028345591012376464 0.028345591012376464 0.9857253212673515 1.0140737601438943
9 54 -0.11505070985220664 -0.11505070985220664 -0.11505070985220664 -0.11505070985220664 0.9407174337428819 1.0559596156350899
10 60 -0.11505070985220664 -0.11505070985220664 -0.11505070985220664 -0.11505070985220664 0.9407174337428819 1.0559596156350899
11 66 -0.3277995985892014 -0.3277995985892014 -0.3277995985892014 -0.3277995985892014 0.8198782845098401 1.152301869559015
12 72 -0.3277995985892014 -0.3277995985892014 -0.3277995985892014 -0.3277995985892014 0.8198782845098401 1.152301869559015
13 78 -0.1377583727365007 -0.1377583727365007 -0.1377583727365007 -0.1377583727365007 0.9285696674259286 1.0666575705147836
14 84 -0.1377583727365007 -0.1377583727365007 -0.1377583727365007 -0.1377583727365007 0.9285696674259286 1.0666575705147836
15 90 0.04007882418476749 0.04007882418476749 0.04007882418476749 0.04007882418476749 0.9797556714891895 1.0198425487224816
16 96 0.04007882418476749 0.04007882418476749 0.04007882418476749 0.04007882418476749 0.9797556714891895 1.0198425487224816
17 102 0.4514382606057866 0.4514382606057866 0.4514382606057866 0.4514382606057866 0.7406495388469592 1.2047565150709028
18 108 0.4514382606057866 0.4514382606057866 0.4514382606057866 0.4514382606057866 0.7406495388469592 1.2047565150709028
19 114 0.4081174855334606 0.4081174855334606 0.4081174855334606 0.4081174855334606 0.7693390114029962 1.1866412623592106
20 120 0.4081174855334606 0.4081174855334606 0.4081174855334606 0.4081174855334606 0.7693390114029962 1.1866412623592106
21 126 0.36930402185366723 0.36930402185366723 0.36930402185366723 0.36930402185366723 0.7941636973233748 1.170172646173917
22 132 0.36930402185366723 0.36930402185366723 0.36930402185366723 0.36930402185366723 0.7941636973233748 1.170172646173917
23 138 0.2771835316465275 0.2771835316465275 0.2771835316465275 0.2771835316465275 0.8501861374743017 1.1301254495172328
24 144 0.2771835316465275 0.2771835316465275 0.2771835316465275 0.2771835316465275 0.8501861374743017 1.1301254495172328
25 150 0.38913280649689297 0.38913280649689297 0.38913280649689297 0.38913280649689297 0.7815799341737908 1.178614782911233
26 156 0.38913280649689297 0.38913280649689297 0.38913280649689297 0.38913280649689297 0.7815799341737908 1.178614782911233
27 162 0.15851318176302312 0.15851318176302312 0.15851318176302312 0.15851318176302312 0.9173259062279756 1.0763425020703323
28 168 0.15851318176302312 0.15851318176302312 0.15851318176302312 0.15851318176302312 0.9173259062279756 1.0763425020703323
29 174 0.07921169836783985 0.07921169836783985 0.07921169836783985 0.07921169836783985 0.9595771473061248 1.038851143507981
30 180 0.07921169836783985 0.07921169836783985 0.07921169836783985 0.07921169836783985 0.9595771473061248 1.038851143507981
31 186 0.08868186074002585 0.08868186074002585 0.08868186074002585 0.08868186074002585 0.9546298441071147 1.043399185709873
32 192 0.08868186074002585 0.08868186074002585 0.08868186074002585 0.08868186074002585 0.9546298441071147 1.043399185709873
33 198 0.2847232158415786 0.2847232158415786 0.2847232158415786 0.2847232158415786 0.845740376332135 1.1334563140419567
34 204 0.2847232158415786 0.2847232158415786 0.2847232158415786 0.2847232158415786 0.845740376332135 1.1334563140419567
35 210 0.3854201711848455 0.3854201711848455 0.3854201711848455 0.3854201711848455 0.7839514199331197 1.1770387296877047
36 216 0.3854201711848455 0.3854201711848455 0.3854201711848455 0.3854201711848455 0.7839514199331197 1.1770387296877047
37 222 0.38091930638988736 0.38091930638988736 0.38091930638988736 0.38091930638988736 0.7868168107063502 1.175125230088218
38 228 0.38091930638988736 0.38091930638988736 0.38091930638988736 0.38091930638988736 0.7868168107063502 1.175125230088218
39 234 0.2703733026524393 0.2703733026524393 0.2703733026524393 0.2703733026524393 0.8541818877426287 1.127108381058556
40 240 0.2703733026524393 0.2703733026524393 0.2703733026524393 0.2703733026524393 0.8541818877426287 1.127108381058556
41 246 0.16643491726562512 0.16643491726562512 0.16643491726562512 0.16643491726562512 0.912997854726053 1.0800161652797726
42 252 0.16643491726562512 0.16643491726562512 0.16643491726562512 0.16643491726562512 0.912997854726053 1.0800161652797726
43 258 0.2803489145514769 0.2803489145514769 0.2803489145514769 0.2803489145514769 0.8483225126380434 1.1315250392949674
44 264 0.2803489145514769 0.2803489145514769 0.2803489145514769 0.2803489145514769 0.8483225126380434 1.1315250392949674
45 270 0.5019049361176933 0.5019049361176933 0.5019049361176933 0.5019049361176933 0.7057585025221494 1.2255223115544218
46 276 0.5019049361176933 0.5019049361176933 0.5019049361176933 0.5019049361176933 0.7057585025221494 1.2255223115544218
47 282 0.3150386880047315 0.3150386880047315 0.3150386880047315 0.3150386880047315 0.8276238952539181 1.1467513627655872
48 288 0.3150386880047315 0.3150386880047315 0.3150386880047315 0.3150386880047315 0.8276238952539181 1.1467513627655872
49 294 0.2694289560930711 0.2694289560930711 0.2694289560930711 0.2694289560930711 0.854734487374254 1.1266893787078456
50 300 0.2694289560930711 0.2694289560930711 0.2694289560930711 0.2694289560930711 0.854734487374254 1.1266893787078456
51 306 0.4345530663970098 0.4345530663970098 0.4345530663970098 0.4345530663970098 0.7519620559596012 1.1977282940621425
52 312 0.4345530663970098 0.4345530663970098 0.4345530663970098 0.4345530663970098 0.7519620559596012 1.1977282940621425
53 318 0.5434027412397382 0.5434027412397382 0.5434027412397382 0.5434027412397382 0.6757198078791695 1.2423376116176061
54 324 0.5434027412397382 0.5434027412397382 0.5434027412397382 0.5434027412397382 0.6757198078791695 1.2423376116176061
55 330 0.54527147784815 0.54527147784815 0.54527147784815 0.54527147784815 0.6743356153665993 1.2430894890747608
56 336 0.54527147784815 0.54527147784815 0.54527147784815 0.54527147784815 0.6743356153665993 1.2430894890747608
57 342 0.5887938920698267 0.5887938920698267 0.5887938920698267 0.5887938920698267 0.6412535441852727 1.2604736776584535
58 348 0.5887938920698267 0.5887938920698267 0.5887938920698267 0.5887938920698267 0.6412535441852727 1.2604736776584535
59 354 0.3680221324439351 0.3680221324439351 0.3680221324439351 0.3680221324439351 0.7949703564008314 1.169624782758956
60 360 0.3680221324439351 0.3680221324439351 0.3680221324439351 0.3680221324439351 0.7949703564008314 1.169624782758956
61 366 0.3947259505454268 0.3947259505454268 0.3947259505454268 0.3947259505454268 0.7779936050216436 1.1809851610183029
62 372 0.3947259505454268 0.3947259505454268 0.3947259505454268 0.3947259505454268 0.7779936050216436 1.1809851610183029
63 378 0.3757941386210445 0.3757941386210445 0.3757941386210445 0.3757941386210445 0.7900669980317845 1.1729425129225406
64 384 0.3757941386210445 0.3757941386210445 0.3757941386210445 0.3757941386210445 0.7900669980317845 1.1729425129225406
65 390 0.0006592257220463685 0.0006592257220463685 0.0006592257220463685 0.0006592257220463685 0.9996703327987451 1.000329558556602
66 396 0.0006592257220463685 0.0006592257220463685 0.0006592257220463685 0.0006592257220463685 0.9996703327987451 1.000329558556602
67 402 -0.14460119709030456 -0.14460119709030456 -0.14460119709030456 -0.14460119709030456 0.9248777232205864 1.0698603633607073
68 408 -0.14460119709030456 -0.14460119709030456 -0.14460119709030456 -0.14460119709030456 0.9248777232205864 1.0698603633607073
69 414 -0.23233325092271853 -0.23233325092271853 -0.23233325092271853 -0.23233325092271853 0.8761659369533156 1.110105063011028
70 420 -0.23233325092271853 -0.23233325092271853 -0.23233325092271853 -0.23233325092271853 0.8761659369533156 1.110105063011028
71 426 -0.21098965262231553 -0.21098965262231553 -0.21098965262231553 -0.21098965262231553 0.8882625441713077 1.1004497501577777
72 432 -0.21098965262231553 -0.21098965262231553 -0.21098965262231553 -0.21098965262231553 0.8882625441713077 1.1004497501577777
73 438 -0.09098351462678303 -0.09098351462678303 -0.09098351462678303 -0.09098351462678303 0.9534235603199751 1.044501562768952
74 444 -0.09098351462678303 -0.09098351462678303 -0.09098351462678303 -0.09098351462678303 0.9534235603199751 1.044501562768952
75 450 -0.31083184616905774 -0.31083184616905774 -0.31083184616905774 -0.31083184616905774 0.8301615227357519 1.1449156502419984
76 456 -0.31083184616905774 -0.31083184616905774 -0.31083184616905774 -0.31083184616905774 0.8301615227357519 1.1449156502419984
